Igor Diniz,AB123456
TICKET
9,1

Ian Italo,CD345678
TICKET
5,17
LUGGAGE
38
39
40
TICKET
10,6
LUGGAGE
41
42

Eduardo da Silva,EF567890
TICKET
11,4
LUGGAGE
43
44

Ingrid Magalhaes,JF226644
TICKET
2,10
LUGGAGE
45

Ana Lima,KK999999
TICKET
3,10
LUGGAGE
46
47

Manuel Teixeira,GB568971
TICKET
5,15
LUGGAGE
48

Carla Teixeira,GB123456
TICKET
4,11
LUGGAGE
49

Leonardo Moura,PO888888
TICKET
14,9
LUGGAGE
50
TICKET
13,16
LUGGAGE
51
TICKET
7,13
LUGGAGE
52

Neymar Junior,GB333333
TICKET
19,7
LUGGAGE
53
54
TICKET
21,14
LUGGAGE
55
56

Vinicius Correa,AM454545
TICKET
17,8
LUGGAGE
57

Ana Beatriz,AB226644
TICKET
26,10
LUGGAGE
58

Jose Arthur,CD226644
TICKET
27,10
LUGGAGE
59
60
61

Amanda Sousa,JJ237744
TICKET
28,10
LUGGAGE
62
63
64

Bernardo Magalhaes,JF226934
TICKET
29,10
LUGGAGE
65
66
67

Matilde Soares,HG226644
TICKET
30,10
LUGGAGE
68
69
70
71

IAN,III
TICKET
31,1
LUGGAGE
72
73
74
75
76
77
78

IAN,I
TICKET
32,1
LUGGAGE
79
80
81
82
83
84
85
86
87
88
89
90
91
92
93
94
95
96
97
98
99
100
101
102
103
104
105
106
107
108
109
110
111
112
113
114
115
116
117
118
119
120
121
122
123
124
125
126
127
128
129
130
131
132
133
134
135
136
137
138
139
140
141
142
143
144
145
146
147
148
149
150
151
152
153
154
155
156
157
158
159
160
161
162
163
164
165
166
167
168
169
170
171
172
173
174
175
176
177
178
179
180
181
182
183
184
185
186
187
188
189
190
191
192
193
194
195
196
197
198
199
200
201
202
203
204
205
206
207
208
209
210
211
212
213
214
215
216
217
218
219
220
221
222
223
224
225
226
227
228
229
230
231
232
233
234
235
236
237
238
239
240
241
242
243
244
245
246
247
248
249
250
251
252
253
254
255
256
257
258
259
260
261
262
263
264
265
266
267
268
269
270
271
272
273
274
275
276
277
278
279
280
281
282
283
284
285
286
287
288
289
290
291
292
293
294
295
296
297
298
299
300
301
302
303
304
305
306
307
308
309
310
311
312
313
314
315
316
317
318
319
320
321
322
323
324
325
326
327
328
329
330
331
332
333
334
335
336
337
338
339
340
341
342
343
344
345
346
347
348
349
350
351
352
353
354
355
356
357
358
359
360
361
362
363
364
365
366
367
368
369
370
371
372
373
374
375
376
377
378
379
380
381
382
383
384
385
386
387
388
389
390
391
392
393
394
395
396
397
398
399
400
401
402
403
404
405
406
407
408
409
410
411
412
413
414
415
416
417
418
419
420
421
422
423
424
425
426
427
428
429
430
431
432
433
434
435
436
437
438
439
440
441
442
443
444
445
446
447
448
449
450
451
452
453
454
455
456
457
458
459
460
461
462
463
464
465
466
467
468
469
470
471
472
473
474
475
476
477
478